7 1.4395034313201904
6 1.9160082340240479
5 2.302252769470215
6 2.689756393432617
7 3.1555368900299072
6 3.5867741107940674
5 3.809938669204712
6 4.163614511489868
5 4.660369873046875
8 5.228839159011841
7 5.655791521072388
5 6.059285402297974
7 6.54040002822876
6 6.929257392883301
5 7.1453258991241455
6 7.54344916343689
7 7.9182116985321045
6 8.551019430160522
5 8.931110858917236
6 9.420194864273071
7 9.814870834350586
6 10.248839855194092
5 10.482218503952026
6 10.814431190490723
2 11.309894800186157
4 11.834975242614746
3 12.304779529571533
2 12.753054141998291
5 14.187984943389893
7 14.426053047180176
6 14.777883768081665
5 15.600940227508545
6 16.38805341720581
2 16.761197805404663
3 17.068091869354248
2 17.459858179092407
7 17.81800937652588
4 17.81800937652588
6 18.1020085811615
3 18.795029163360596
7 19.681798458099365
5 20.335183143615723
6 20.463467836380005
5 20.797120332717896
8 20.933502912521362
7 21.356196641921997
6 22.166951656341553
3 23.039487838745117
2 23.507582426071167
3 23.667667627334595
2 24.046263694763184
4 24.250064849853516
3 24.596287488937378
2 25.475706815719604
8 26.32168960571289
7 26.69901132583618
6 26.96150279045105
7 27.384810209274292
8 27.721577405929565
7 28.362998008728027
6 28.74384331703186
7 29.08539891242981
8 29.59018564224243
7 30.056524753570557
6 30.296631336212158
7 30.65692138671875
5 31.050803184509277
7 31.712554931640625
6 32.09595513343811
7 32.51091504096985
8 32.924275159835815
7 33.35262179374695
6 33.58236527442932
7 33.89581036567688
8 34.32871961593628
7 34.99223017692566
6 35.39527940750122
7 35.775843143463135
8 36.23199462890625
7 36.67033648490906
6 36.90475130081177
7 37.284956216812134
5 37.63373780250549
7 38.22653532028198
6 38.67848539352417
5 39.14833617210388
3 40.459981203079224
4 40.646549463272095
2 40.81835460662842
3 41.02727031707764
8 43.77656531333923
7 43.99023699760437
6 44.2128701210022
5 44.37889003753662
3 47.02874517440796
4 47.24166393280029
2 47.39707088470459
3 47.615500926971436
1 47.92148447036743
1 48.157601833343506
1 48.38307023048401
1 48.58415198326111
1 48.785152435302734
1 48.95309352874756
1 49.18122482299805
1 49.3717577457428
2 49.574299335479736
2 49.80509614944458
2 49.99948740005493
2 50.18613529205322
8 50.4575252532959
7 50.66090393066406
6 50.85943078994751
5 51.02841353416443
8 52.79739212989807
5 53.257116079330444
7 53.63058948516846
6 54.06298232078552
3 54.47723436355591
2 54.90097117424011
4 55.218283891677856
7 55.69226956367493
6 56.11235189437866
3 56.1526141166687
1 57.008296728134155
2 57.34881544113159
3 57.56702518463135
4 57.778478145599365
6 60.34141945838928
7 60.55915403366089
5 60.742913007736206
6 60.946378231048584
1 63.67216348648071
2 63.811665296554565
3 64.00609517097473
4 64.2240219116211
5 66.11790180206299
4 66.56788420677185
5 66.74580788612366
2 67.15001893043518
7 67.35716485977173
6 67.74613976478577
3 67.74613976478577
5 68.59270310401917
4 68.59270310401917
end