[ 0.58049887  1.11455782  1.64861678  2.18267574  2.73995465  3.27401361
  3.80807256  4.34213152  4.87619048  5.41024943  5.94430839  6.47836735
  7.0124263   7.54648526  8.08054422  8.61460317  9.14866213  9.70594104
 10.24       10.77405896 11.30811791 11.84217687 12.37623583 12.91029478
 13.44435374 13.9784127  14.51247166 15.04653061 15.58058957 16.11464853
 16.64870748 17.20598639 17.74004535 18.27410431 18.80816327 19.34222222
 19.87628118 20.41034014 20.94439909 21.47845805 22.01251701 22.54657596
 23.08063492 23.61469388 24.17197279 24.70603175 25.2400907  25.77414966
 26.30820862 26.84226757 27.37632653 27.91038549 28.44444444 28.9785034
 29.53578231 30.06984127 30.58068027 31.13795918 31.67201814 32.2060771
 32.74013605 33.27419501 33.80825397 34.34231293 34.87637188 35.41043084
 35.9444898  36.47854875 37.03582766 37.56988662 38.08072562 38.63800454
 39.17206349 39.70612245 40.24018141 40.77424036 41.30829932 41.84235828
 42.37641723 42.91047619 43.44453515 44.00181406 44.53587302 45.06993197
 45.60399093 46.13804989 46.67210884 47.2061678  47.74022676 48.27428571
 48.80834467 49.34240363 49.87646259 50.41052154 50.9445805  51.50185941
 52.03591837 52.56997732 53.10403628 53.63809524 54.1721542  54.70621315
 55.24027211 55.77433107 56.30839002 56.84244898 57.37650794 57.91056689
 58.4678458  59.00190476 59.53596372 60.07002268 60.60408163 61.13814059
 61.67219955 62.2062585  62.74031746 63.27437642 63.80843537 64.34249433
 64.87655329 65.4338322  65.96789116 66.50195011 67.03600907 67.57006803
 68.10412698 68.63818594 69.1722449  69.70630385 70.24036281 70.77442177
 71.33170068 71.84253968 72.37659864 72.93387755 73.46793651 74.00199546
 74.53605442 75.07011338]