5 0.924546480178833
6 0.9971716403961182
7 1.0725927352905273
7 1.4694726467132568
6 1.7486824989318848
5 2.0009255409240723
6 2.800565719604492
5 3.10823130607605
5 3.490682601928711
6 3.84451961517334
8 4.1121885776519775
7 4.403055429458618
5 4.72542142868042
3 5.2344582080841064
3 5.644971609115601
3 6.041130542755127
1 7.335541725158691
1 7.730572462081909
1 8.100720882415771
2 9.312682628631592
3 9.42018175125122
4 9.556929588317871
7 9.94109582901001
6 10.365390062332153
5 10.62837529182434
6 11.366528511047363
5 11.663926839828491
5 12.080031394958496
7 12.426867723464966
8 12.734090089797974
2 13.008496046066284
3 13.2800772190094
4 13.833743572235107
4 14.254328489303589
4 14.649418354034424
8 15.897537231445312
1 15.939134359359741
8 16.344327926635742
1 16.344327926635742
8 16.730451345443726
1 16.730451345443726
6 17.799275875091553
5 18.111230611801147
6 18.57418990135193
2 18.99257802963257
6 19.463715314865112
4 19.73111319541931
5 19.9942786693573
4 20.278164625167847
2 20.758749961853027
3 21.038793802261353
2 21.157812356948853
5 22.081804037094116
4 22.41652512550354
6 22.93965172767639
7 23.19262194633484
5 23.35378670692444
6 23.74404287338257
6 24.060750484466553
7 24.30967378616333
7 24.55932354927063
2 25.08668279647827
6 25.304080963134766
3 25.421948432922363
3 26.613911628723145
2 27.161247968673706
3 27.449923276901245
4 27.5643048286438
6 28.110556840896606
6 28.308049201965332
3 28.82923674583435
4 29.352092504501343
2 29.724079847335815
5 30.69892144203186
4 31.020378589630127
5 31.768817901611328
5 32.058324575424194
6 32.550347089767456
5 33.074363470077515
2 35.02981638908386
3 35.294150590896606
4 35.63884377479553
6 36.077841997146606
3 36.41311502456665
5 37.162617206573486
4 37.479143381118774
4 37.86988687515259
6 38.22798013687134
8 38.49912452697754
1 38.752533197402954
7 39.05026888847351
3 39.55447769165039
6 40.01656460762024
3 40.01656460762024
6 40.38884973526001
3 40.38884973526001
7 41.68984413146973
1 41.68984413146973
7 42.09603190422058
1 42.09603190422058
7 42.496116638183594
1 42.496116638183594
2 43.54823446273804
3 43.7503719329834
4 43.89634418487549
7 44.24963903427124
6 44.66209697723389
3 44.95844888687134
5 45.74378967285156
4 46.04871129989624
4 46.42358040809631
6 46.7607045173645
1 47.054195165634155
7 47.31211519241333
2 47.6333122253418
3 48.153738260269165
3 48.54614520072937
3 48.908194065093994
8 50.26865005493164
8 50.667811155319214
8 51.05117917060852
5 52.1661331653595
3 52.45510196685791
5 52.94720435142517
4 53.21818256378174
6 53.34040665626526
2 53.735191106796265
7 53.99681878089905
3 54.33845257759094
6 54.60840106010437
1 54.99295139312744
1 55.311646461486816
2 55.51362109184265
5 56.425835847854614
4 56.75618934631348
6 57.284900426864624
3 57.51247024536133
6 57.62457752227783
2 57.987975120544434
2 58.33647894859314
3 58.60151147842407
3 58.888479232788086
2 59.419195890426636
3 59.653483629226685
7 59.81370711326599
6 60.996058225631714
2 61.561259269714355
5 61.60807657241821
6 61.833656549453735
3 62.00472903251648
6 62.32019329071045
4 62.60290288925171
6 63.197638273239136
3 63.197638273239136
2 63.68561625480652
5 63.72680401802063
6 64.04214525222778
3 64.08337783813477
5 65.00187110900879
2 65.26188731193542
5 66.1246223449707
5 66.37244033813477
6 66.8585262298584
5 67.41929626464844
4 70.91036796569824
4 71.22184753417969
end