7 0.6280372142791748
7 0.8883411884307861
7 1.0300381183624268
6 1.2880802154541016
5 1.6523678302764893
2 3.565541982650757
2 3.9466466903686523
2 4.303539276123047
3 4.409151554107666
3 4.680119276046753
4 5.0047218799591064
5 6.183586835861206
5 6.625434637069702
6 7.041250944137573
6 7.4796669483184814
6 7.798996925354004
5 7.902215480804443
5 8.150515794754028
7 8.47709321975708
3 10.48590874671936
3 10.90369987487793
3 11.260283946990967
4 11.425086259841919
4 11.638059377670288
2 12.029178142547607
7 13.05333137512207
7 13.529575109481812
7 13.703598737716675
6 13.83439826965332
6 14.381615400314331
5 14.836656332015991
5 15.04287338256836
7 15.446638345718384
1 17.347676515579224
1 17.84801483154297
1 18.138598203659058
2 18.271897792816162
2 18.544166326522827
3 18.934158086776733
4 20.02704381942749
5 20.288897037506104
4 20.495856285095215
6 20.941169500350952
6 21.35439133644104
6 21.684789419174194
7 21.755486488342285
7 22.033309936523438
5 22.449949741363525
7 24.413864612579346
7 24.82572841644287
7 25.15057134628296
6 25.252875328063965
6 25.532520294189453
5 25.85617756843567
4 26.426888465881348
3 26.600555658340454
4 27.01892375946045
3 27.441522359848022
7 27.891908407211304
7 28.310822248458862
7 28.51895046234131
6 28.619584321975708
6 28.92174220085144
5 29.124462604522705
2 29.32755732536316
3 29.90229105949402
4 30.356026649475098
7 30.8357892036438
8 31.337656259536743
8 31.723952054977417
8 32.07855296134949
7 32.150954246520996
7 32.51427364349365
6 32.81057810783386
4 33.34962201118469
3 33.893410205841064
2 34.365617513656616
3 34.792317628860474
3 35.27488112449646
3 35.59421229362488
4 35.695757150650024
4 35.970478773117065
5 36.32467007637024
7 37.46609926223755
6 37.88383626937866
7 38.32881951332092
7 38.80725836753845
6 39.19438672065735
6 39.42761754989624
5 39.84300374984741
2 40.95297145843506
3 41.21893572807312
2 41.44650053977966
4 41.922545194625854
3 42.33741235733032
2 42.697306871414185
3 42.932050466537476
2 43.347514629364014
7 44.37345027923584
6 44.637330293655396
5 44.868295669555664
7 45.31524848937988
6 45.7007691860199
4 46.360183000564575
6 46.715508222579956
3 46.95064949989319
5 47.366487979888916
2 47.86922240257263
7 48.104594230651855
1 48.33843660354614
8 48.547091245651245
2 48.756293535232544
6 49.20990610122681
5 49.84306788444519
4 50.29193925857544
7 52.18750238418579
7 52.69927668571472
7 53.13712501525879
7 53.398285150527954
6 53.730958223342896
6 54.218909740448
4 54.66704726219177
5 55.08295679092407
1 55.71815466880798
1 56.19736933708191
2 56.549652099609375
3 56.901395082473755
4 57.29240798950195
5 57.80305027961731
6 58.28669834136963
7 58.700308084487915
7 59.178364515304565
6 59.59846234321594
6 60.04292821884155
4 60.34583616256714
5 60.61131691932678
3 61.206260681152344
5 61.74584746360779
4 62.19356989860535
7 62.6447274684906
7 63.12183237075806
7 63.47539019584656
6 63.59011483192444
5 64.196950674057
2 66.1282525062561
2 66.63083338737488
2 67.01503086090088
2 67.27820777893066
3 67.63222575187683
5 69.61703634262085
5 70.15994071960449
5 70.54377055168152
5 70.71463775634766
6 71.03696823120117
end