6 2.4181079864501953
7 2.493328332901001
6 3.8980283737182617
5 4.157956838607788
6 4.351683855056763
7 5.010527849197388
8 5.32794189453125
7 5.6026153564453125
6 5.727886199951172
5 5.872823238372803
6 5.961764097213745
2 6.441418409347534
3 6.759743928909302
2 7.030412673950195
3 7.314665794372559
2 7.586559295654297
7 7.923384428024292
7 8.128266334533691
7 8.383066177368164
7 8.612473011016846
5 8.792793035507202
6 9.16284441947937
5 9.440415382385254
6 9.705771684646606
5 10.012179851531982
7 10.47407078742981
7 10.627686262130737
7 10.982683420181274
4 11.200014352798462
2 11.452696800231934
3 11.807856798171997
2 12.064493417739868
3 12.347874879837036
2 12.482075929641724
3 12.746245384216309
2 12.866515874862671
3 13.093961238861084
2 13.459620714187622
1 13.811423063278198
1 14.03100323677063
1 14.310178279876709
1 14.554396152496338
7 14.843377351760864
7 15.159404516220093
7 15.443820476531982
7 15.771848440170288
end