6 3.6174471378326416
6 3.8522002696990967
7 4.487083196640015
7 4.717402696609497
8 5.3124377727508545
8 5.54389762878418
8 6.167145729064941
8 6.405256986618042
2 6.979333400726318
2 7.2093658447265625
3 7.783109664916992
3 8.017462730407715
4 8.589017868041992
4 8.849482536315918
1 9.328060388565063
1 9.559574127197266
5 10.19046401977539
5 10.424779415130615
6 11.021125316619873
6 11.228111028671265
7 11.79754638671875
7 12.180442333221436
8 12.626922369003296
8 12.86215615272522
4 13.432403087615967
4 13.637072324752808
3 14.242697954177856
3 14.69158935546875
2 15.134930610656738
2 15.341490507125854
1 15.888159990310669
1 16.138349533081055
5 16.73707389831543
5 16.949334859848022
4 17.529102325439453
4 17.787113428115845
6 18.3919038772583
6 18.629666805267334
3 19.198649406433105
3 19.408879041671753
7 19.982255697250366
7 20.191506385803223
6 20.86502242088318
6 21.040163278579712
5 21.646043062210083
5 21.818010807037354
8 22.363521814346313
8 22.601678609848022
2 23.175978899002075
2 23.440508127212524
3 23.982107877731323
3 24.21995782852173
4 24.819685697555542
4 25.08861804008484
6 25.717108249664307
6 25.924086809158325
7 26.494560480117798
7 26.948058605194092
6 27.36688995361328
6 27.779625415802002
5 28.166091442108154
5 28.587058067321777
4 29.04177474975586
4 29.496915102005005
3 29.915315628051758
3 30.306888341903687
2 30.663233995437622
2 31.144859790802002
1 31.500529527664185
1 31.95342230796814
5 32.31367492675781
5 32.701905488967896
6 33.08772110939026
3 33.08772110939026
6 33.503185749053955
3 33.503185749053955
6 33.91867995262146
3 33.91867995262146
6 34.32974123954773
3 34.32974123954773
6 34.740124225616455
3 34.740124225616455
6 35.15128827095032
3 35.15128827095032
6 35.59362578392029
3 35.59362578392029
6 35.96693181991577
3 35.96693181991577
5 36.41756319999695
2 36.41756319999695
2 36.78126096725464
5 36.823222160339355
2 37.24057221412659
5 37.24057221412659
2 37.62899398803711
5 37.70037794113159
5 38.10441732406616
2 38.10441732406616
2 38.526581048965454
5 38.56672286987305
5 38.97764539718628
2 38.97764539718628
2 39.35016679763794
5 39.39072775840759
6 40.137906312942505
6 40.55788230895996
6 40.790157318115234
5 41.20749235153198
6 41.41337180137634
6 41.65244507789612
5 41.85657215118408
6 42.03318762779236
5 42.36206412315369
5 42.60769605636597
5 42.907819986343384
7 43.083250761032104
6 43.470561027526855
6 43.8622887134552
6 44.09790658950806
3 44.36283898353577
4 44.568649768829346
5 45.05072546005249
3 45.50916934013367
5 45.74668741226196
2 45.95212459564209
6 46.12133502960205
4 46.36957406997681
5 46.73637533187866
5 47.16241455078125
3 47.52682065963745
6 47.73055720329285
2 48.00043487548828
7 48.39523243904114
3 48.60096597671509
6 48.779645681381226
4 49.23649454116821
5 49.27993083000183
6 49.715020418167114
2 49.715020418167114
6 50.10394859313965
3 50.10394859313965
5 50.45945429801941
4 50.45945429801941
5 50.62450861930847
3 51.117507219314575
4 51.66747498512268
4 52.090659618377686
4 52.3036572933197
2 53.288599491119385
2 53.74769902229309
2 53.95816206932068
3 54.30538868904114
2 54.53465008735657
3 54.929896116256714
4 55.162705183029175
6 55.54891753196716
5 55.7856342792511
3 56.16787767410278
3 56.630305767059326
7 57.01031684875488
7 57.238911628723145
6 57.618797063827515
6 57.79283380508423
5 58.17984199523926
5 58.38812518119812
4 58.80920076370239
4 59.042731285095215
3 59.42746877670288
6 59.92734456062317
6 60.25240874290466
6 60.63724064826965
5 61.01533102989197
5 61.43462944030762
5 61.82618069648743
4 62.11882138252258
5 62.29152488708496
2 62.764875411987305
2 63.15616202354431
2 63.54269027709961
2 63.89908289909363
2 64.36990213394165
2 64.75783348083496
2 65.14168310165405
2 65.56085562705994
6 65.94264268875122
6 66.32753348350525
6 66.7834095954895
6 67.20124340057373
6 67.64960026741028
6 68.0654501914978
6 68.51038312911987
end