[1.16099773e-01 5.80498866e-01 9.98458050e-01 1.41641723e+00
 1.83437642e+00 2.25233560e+00 2.67029478e+00 3.08825397e+00
 3.50621315e+00 3.92417234e+00 4.31891156e+00 4.73687075e+00
 5.13160998e+00 5.54956916e+00 5.94430839e+00 6.36226757e+00
 6.80344671e+00 7.22140590e+00 7.61614512e+00 8.03410431e+00
 8.42884354e+00 8.82358277e+00 9.24154195e+00 9.63628118e+00
 1.00542404e+01 1.04489796e+01 1.08437188e+01 1.12616780e+01
 1.16796372e+01 1.20743764e+01 1.24691156e+01 1.28870748e+01
 1.33050340e+01 1.37229932e+01 1.41409524e+01 1.45589116e+01
 1.49536508e+01 1.53716100e+01 1.57663492e+01 1.61843084e+01
 1.66022676e+01 1.70202268e+01 1.74149660e+01 1.78329252e+01
 1.82276644e+01 1.86456236e+01 1.90403628e+01 1.94583220e+01
 1.98530612e+01 2.02710204e+01 2.06889796e+01 2.10837188e+01
 2.15016780e+01 2.19196372e+01 2.23375964e+01 2.27555556e+01
 2.31502948e+01 2.35682540e+01 2.39629932e+01 2.43577324e+01
 2.47756916e+01 2.51936508e+01 2.55883900e+01 2.60063492e+01
 2.64010884e+01 2.68190476e+01 2.72370068e+01 2.76317460e+01
 2.80497052e+01 2.84444444e+01 2.88624036e+01 2.92803628e+01
 2.96751020e+01 3.00930612e+01 3.05110204e+01 3.09289796e+01
 3.13237188e+01 3.17416780e+01 3.21364172e+01 3.25543764e+01
 3.29723356e+01 3.33902948e+01 3.38082540e+01 3.42262132e+01
 3.46441723e+01 3.50621315e+01 3.54800907e+01 3.58980499e+01
 3.63160091e+01 3.67339683e+01 3.71519274e+01 3.75698866e+01
 3.79878458e+01 3.84058050e+01 3.88237642e+01 3.92417234e+01
 3.96596825e+01 4.00776417e+01 4.04723810e+01 4.08903401e+01
 4.12850794e+01 4.16798186e+01 4.21209977e+01 4.25389569e+01
 4.29336961e+01 4.33516553e+01 4.37696145e+01 4.41875737e+01
 4.45823129e+01 4.50002721e+01 4.53950113e+01 4.57897506e+01
 4.62077098e+01 4.66256689e+01 4.70204082e+01 4.74383673e+01
 4.78563265e+01 4.82510658e+01 4.86690249e+01 4.90869841e+01
 4.94817234e+01 4.98996825e+01 5.03176417e+01 5.07356009e+01
 5.11303401e+01 5.15482993e+01 5.19662585e+01 5.23609977e+01
 5.27789569e+01 5.31969161e+01 5.36148753e+01 5.40328345e+01
 5.44275737e+01 5.48223129e+01 5.52634921e+01 5.57046712e+01
 5.61690703e+01 5.66334694e+01 5.70746485e+01 5.74926077e+01
 5.79105669e+01 5.83285261e+01 5.87464853e+01 5.91412245e+01
 5.95359637e+01 5.99307029e+01 6.03486621e+01 6.07666213e+01
 6.11845805e+01 6.15793197e+01 6.19972789e+01 6.23920181e+01
 6.27867574e+01 6.32047166e+01 6.36226757e+01 6.40174150e+01
 6.44121542e+01 6.48301134e+01 6.52480726e+01 6.57589116e+01
 6.62697506e+01 6.66877098e+01 6.71056689e+01 6.75236281e+01
 6.79648073e+01 6.83827664e+01 6.88007256e+01 6.92186848e+01
 6.96366440e+01 7.00546032e+01 7.04957823e+01 7.09137415e+01
 7.13317007e+01 7.17496599e+01 7.21908390e+01 7.26087982e+01
 7.30499773e+01 7.34679365e+01 7.38858957e+01 7.43038549e+01
 7.47218141e+01 7.50933333e+01 7.55577324e+01 7.59756916e+01
 7.64168707e+01 7.68348299e+01 7.72527891e+01 7.76707483e+01
 7.80887075e+01 7.85066667e+01 7.89246259e+01 7.93425850e+01
 7.97837642e+01 8.02017234e+01 8.06196825e+01 8.10376417e+01
 8.14323810e+01 8.18271202e+01 8.22450794e+01 8.26630385e+01
 8.30809977e+01 8.34989569e+01 8.39169161e+01 8.43348753e+01
 8.47296145e+01 8.51475737e+01 8.55655329e+01 8.59834921e+01
 8.64014512e+01 8.68194104e+01 8.72373696e+01 8.76553288e+01
 8.80500680e+01 8.84680272e+01 8.88859864e+01 8.93039456e+01
 8.97219048e+01 9.01398639e+01 9.05346032e+01 9.09525624e+01
 9.13705215e+01 9.17884807e+01 9.21832200e+01 9.26011791e+01
 9.29959184e+01 9.34138776e+01 9.38318367e+01 9.42497959e+01
 9.46677551e+01 9.50624943e+01 9.54804535e+01 9.58751927e+01
 9.62931519e+01 9.66878912e+01 9.71058503e+01 9.75238095e+01
 9.79417687e+01 9.83365079e+01 9.87312472e+01 9.91492063e+01
 9.95671655e+01 9.99851247e+01 1.00403084e+02 1.00797823e+02
 1.01215782e+02 1.01633741e+02 1.02051701e+02 1.02446440e+02
 1.02841179e+02 1.03235918e+02 1.03653878e+02 1.04071837e+02
 1.04489796e+02 1.04884535e+02 1.05302494e+02 1.05697234e+02
 1.06115193e+02 1.06509932e+02 1.06951111e+02 1.07369070e+02
 1.07787029e+02 1.08181769e+02 1.08599728e+02 1.09017687e+02
 1.09412426e+02 1.09807166e+02 1.10225125e+02 1.10643084e+02
 1.11037823e+02 1.11455782e+02 1.11873741e+02 1.12291701e+02
 1.12686440e+02 1.13104399e+02 1.13522358e+02 1.13940317e+02
 1.14358277e+02 1.14753016e+02 1.15170975e+02 1.15565714e+02
 1.15983673e+02 1.16401633e+02 1.16819592e+02 1.17214331e+02
 1.17632290e+02 1.18050249e+02 1.18444989e+02 1.18839728e+02
 1.19257687e+02 1.19675646e+02 1.20093605e+02 1.20488345e+02
 1.20906304e+02 1.21301043e+02 1.21719002e+02 1.22136961e+02
 1.22554921e+02 1.22949660e+02 1.23367619e+02 1.23762358e+02
 1.24180317e+02 1.24575057e+02 1.24993016e+02 1.25387755e+02
 1.25805714e+02 1.26200454e+02 1.26618413e+02 1.27013152e+02
 1.27407891e+02 1.27825850e+02 1.28220590e+02 1.28638549e+02
 1.29033288e+02 1.29428027e+02 1.29845986e+02 1.30240726e+02
 1.30658685e+02 1.31053424e+02 1.31471383e+02 1.31866122e+02
 1.32260862e+02 1.32655601e+02 1.33073560e+02 1.33468299e+02
 1.33886259e+02 1.34257778e+02 1.34675737e+02 1.35093696e+02
 1.35511655e+02 1.35929615e+02 1.36347574e+02 1.36742313e+02
 1.37160272e+02 1.37578231e+02 1.38019410e+02 1.38437370e+02
 1.38855329e+02 1.39273288e+02 1.39877007e+02 1.40318186e+02
 1.40712925e+02 1.41154104e+02 1.41548844e+02 1.41966803e+02
 1.42384762e+02 1.42779501e+02 1.43151020e+02 1.43568980e+02
 1.43963719e+02 1.44381678e+02 1.44799637e+02 1.45194376e+02
 1.45612336e+02 1.46007075e+02 1.46401814e+02 1.46819773e+02
 1.47237732e+02 1.47655692e+02 1.48073651e+02 1.48468390e+02
 1.48886349e+02 1.49304308e+02 1.49699048e+02 1.50117007e+02
 1.50534966e+02 1.50929705e+02 1.51324444e+02 1.51719184e+02
 1.52113923e+02 1.52508662e+02 1.52926621e+02 1.53321361e+02
 1.53716100e+02 1.54134059e+02 1.54528798e+02 1.54923537e+02
 1.55341497e+02 1.55736236e+02 1.56130975e+02 1.56525714e+02
 1.56943673e+02 1.57338413e+02 1.57733152e+02 1.58151111e+02
 1.58569070e+02 1.58987029e+02 1.59381769e+02 1.59799728e+02
 1.60217687e+02 1.60612426e+02 1.61030385e+02 1.61448345e+02
 1.61866304e+02 1.62284263e+02 1.62679002e+02 1.63096961e+02
 1.63514921e+02 1.63932880e+02 1.64327619e+02 1.64722358e+02
 1.65140317e+02 1.65558277e+02 1.65976236e+02 1.66370975e+02
 1.66788934e+02 1.67206893e+02 1.67601633e+02 1.68019592e+02
 1.68437551e+02 1.68832290e+02 1.69227029e+02 1.69644989e+02
 1.70062948e+02 1.70457687e+02 1.70875646e+02 1.71293605e+02
 1.71688345e+02 1.72083084e+02 1.72501043e+02 1.72895782e+02
 1.73313741e+02 1.73731701e+02 1.74149660e+02 1.74544399e+02
 1.74939138e+02 1.75357098e+02 1.75751837e+02 1.76169796e+02
 1.76564535e+02 1.76982494e+02 1.77400454e+02 1.77795193e+02
 1.78189932e+02 1.78607891e+02 1.79002630e+02 1.79420590e+02
 1.79815329e+02 1.80233288e+02 1.80651247e+02 1.81045986e+02
 1.81440726e+02 1.81835465e+02 1.82230204e+02 1.82648163e+02
 1.83066122e+02 1.83460862e+02 1.83878821e+02 1.84273560e+02
 1.84668299e+02 1.85086259e+02 1.85504218e+02 1.85922177e+02
 1.86316916e+02 1.86734875e+02 1.87152834e+02 1.87547574e+02
 1.87942313e+02 1.88360272e+02 1.88778231e+02 1.89196190e+02
 1.89590930e+02]